A 6x6 preview:
   -0.347   -0.506   -0.216   -0.900   -0.922   -0.847
   -0.369   -0.762    0.560    0.153    0.829   -0.553
   -0.405   -0.270    0.321   -0.290   -0.314    0.151
    0.414   -0.721   -0.532   -0.406    0.741   -0.763
   -0.527   -0.653   -0.918   -0.757    0.224   -0.734
    0.373   -0.410    0.426    0.774   -0.583   -0.571

B 6x6 preview:
   -0.070   -0.519   -0.432    0.761    0.466   -0.419
    0.492    0.380    0.043    0.701   -0.992    0.469
    0.266    0.018   -0.597   -0.632    0.702   -0.226
   -0.039    0.664    0.544    0.554   -0.273    0.180
    0.513    0.616    0.597   -0.444    0.683   -0.342
    0.224    0.229   -0.452   -0.047    0.914    0.985

C 6x6 preview:
    6.764   -5.318    5.249  -10.013    4.850    0.256
    8.704   -9.376   21.808   14.631    0.644    1.413
   -3.770   -5.551   -3.738    5.588   10.886    8.053
   -3.151   17.325   -4.875  -13.130    7.946    6.406
   -2.517   -2.462  -19.091    0.812    9.518   18.092
    8.821    2.141   -3.678    4.806    0.940  -10.411

Timing average over 5 run(s):
m,n,k,partition,block_size,repeat,naive_ms,shared_tiled_ms,register_2x2_ms,valid_naive,valid_shared_tiled,valid_register_2x2
512,512,512,row,16,5,0.1350,0.1544,0.0995,1,1,1
512,512,512,column,16,5,0.1354,0.1540,0.0991,1,1,1
512,512,512,tile,16,5,0.1358,0.1544,0.0993,1,1,1
